date,open,high,low,close,volume,amount,turnover_rate,change_pct,amplitude
2023-09-15,17.045,17.261,16.469,17.107,16590.0,283805.13,0.0,,4.809035156961552
2023-09-18,17.092,17.353,16.992,17.092,11829.0,202181.26799999998,0.0,-0.08768340445431955,2.12452919020716
2023-09-19,17.345,17.345,16.669,16.792,11711.0,196651.11200000002,0.0,-1.7552071144394832,4.055432239486462
2023-09-20,16.822,17.122,16.515,16.638,5794.0,96400.57200000001,0.0,-0.9171033825631225,3.675446563729938
2023-09-21,16.699,17.122,16.453,16.699,18203.0,303971.89700000006,0.0,0.36663060463997255,4.066127757855713
2023-09-22,16.776,16.907,16.476,16.884,13790.0,232830.36000000002,0.0,1.107850769507146,2.6159261956785684
2023-09-25,16.876,17.084,16.63,17.007,13248.0,225308.73600000003,0.0,0.7285003553660241,2.730006013229108
2023-09-26,16.922,17.145,16.73,16.807,10480.0,176137.36,0.0,-1.1759863585582564,2.480573819485948
2023-09-27,16.784,17.038,16.776,16.784,7599.0,127541.616,0.0,-0.13684774201225824,1.5617548879351482
2023-09-28,16.73,17.269,16.73,17.076,14151.0,241642.476,0.0,1.7397521448999198,3.2217573221757196
2023-10-09,17.038,17.092,16.722,16.784,12011.0,201592.62399999998,0.0,-1.7100023424689748,2.2126539887573102
2023-10-10,16.815,16.999,16.638,16.83,10880.0,183110.4,0.0,0.2740705433746493,2.1697319389349503
2023-10-11,16.83,16.922,16.653,16.753,7190.0,120454.07,0.0,-0.4575163398692683,1.61532456614425
2023-10-12,16.792,16.869,16.484,16.661,11100.0,184937.1,0.0,-0.5491553751566847,2.3355981557874177
2023-10-13,16.592,16.699,16.122,16.399,22924.0,375930.67600000004,0.0,-1.5725346617850078,3.578960426746072
2023-10-16,16.407,16.407,16.007,16.13,17766.0,286565.57999999996,0.0,-1.6403439234099704,2.498906728306357
2023-10-17,16.169,16.269,15.915,16.145,12016.0,193998.32,0.0,0.092994420334791,2.224316682375113
2023-10-18,16.153,16.215,15.884,15.884,7910.0,125642.44,0.0,-1.6165995664292332,2.08385797028456
2023-10-19,15.853,16.13,15.738,15.822,7293.0,115389.84599999999,0.0,-0.3903298917149356,2.4907866310839974
2023-10-20,15.945,16.03,15.638,15.684,6677.0,104722.068,0.0,-0.8722032612817565,2.5067144136078863
2023-10-23,15.707,15.707,15.199,15.292,14140.0,216228.88,0.0,-2.4993624075490883,3.342325152970596
2023-10-24,15.292,15.776,15.153,15.376,16792.0,258193.792,0.0,0.5493068270991275,4.111397083085853
2023-10-25,15.522,15.669,15.292,15.315,14669.0,224655.735,0.0,-0.39672216441206665,2.4653413549568444
2023-10-26,15.292,15.645,15.092,15.607,9698.0,151356.686,0.0,1.9066274893894786,3.664192949907229
2023-10-27,15.592,15.999,15.438,15.838,9479.0,150128.402,0.0,1.4801050810533622,3.6338904003109205
2023-10-30,15.838,16.053,15.669,15.938,12100.0,192849.80000000002,0.0,0.6313928526329171,2.45069883208884
2023-10-31,16.053,16.176,15.753,15.822,8480.0,134170.56,0.0,-0.7278203036767517,2.685202818510749
2023-11-01,15.938,16.138,15.761,16.03,9167.0,146947.01,0.0,1.3146252054101915,2.391980204301773
2023-11-02,16.092,16.092,15.522,15.545,10780.0,167575.1,0.0,-3.025577043044303,3.6722071897951203
2023-11-03,15.538,16.007,15.538,15.584,13723.0,213859.232,0.0,0.2508845287873873,3.018406487321413
2023-11-06,15.584,16.161,15.584,16.099,14306.0,230312.294,0.0,3.304671457905539,3.7025154004106886
2023-11-07,15.945,16.099,15.761,15.999,8836.0,141367.16400000002,0.0,-0.6211565935772434,2.1445339762705475
2023-11-08,16.022,16.03,15.592,15.738,12012.0,189044.856,0.0,-1.6313519594974735,2.8091328886608555
2023-11-09,15.769,15.769,15.422,15.607,13687.0,213613.009,0.0,-0.832380226204088,2.250032421216441
2023-11-10,15.545,15.676,15.392,15.538,10478.0,162807.164,0.0,-0.4421093099250317,1.8451143451143497
2023-11-13,15.699,15.699,15.438,15.661,8212.0,128608.132,0.0,0.7916076715149822,1.6906335017489262
2023-11-14,15.692,16.245,15.576,15.984,16412.0,262329.408,0.0,2.0624481195326005,4.295069337442222
2023-11-15,16.107,16.384,15.853,16.199,13294.0,215349.50600000002,0.0,1.3450950950951057,3.349523749448058
2023-11-16,16.199,16.384,15.73,15.853,13183.0,208990.099,0.0,-2.1359343169331524,4.157660521296884
2023-11-17,15.853,16.269,15.715,16.222,11747.0,190559.834,0.0,2.3276351479215363,3.5252943048043175
2023-11-20,16.222,16.53,16.084,16.461,12002.0,197564.922,0.0,1.473307853532213,2.772942054215379
2023-11-21,16.492,16.707,16.207,16.338,15166.0,247782.108,0.0,-0.7472207034809442,3.085086690936015
2023-11-22,16.253,16.43,16.015,16.03,9477.0,151916.31,0.0,-1.8851756640959727,2.591320636902898
2023-11-23,16.161,16.469,16.092,16.299,8357.0,136210.743,0.0,1.6781035558327995,2.3427790206313848
2023-11-24,16.23,16.238,15.969,16.069,8596.0,138129.12399999998,0.0,-1.4111295171482907,1.6845137453816779
2023-11-27,16.115,16.392,15.907,16.253,10822.0,175889.96600000001,0.0,1.1450619204679935,3.048972150625507
2023-11-28,16.33,16.469,16.145,16.43,7776.0,127759.68,0.0,1.089029717590595,2.006813254877681
2023-11-29,16.33,16.561,16.33,16.453,7073.0,116372.06899999999,0.0,0.1399878271454602,1.4145744029393856
2023-11-30,16.422,16.453,16.092,16.238,11862.0,192615.156,0.0,-1.3067525679207437,2.243350733283623
2023-12-01,16.13,16.199,15.361,15.692,23451.0,367993.092,0.0,-3.362483064416799,5.455373999088607
2023-12-04,15.845,15.992,15.392,15.576,12575.0,195868.2,0.0,-0.7392301809839408,3.8981288981289075
2023-12-05,15.607,15.607,15.238,15.253,11540.0,176019.62,0.0,-2.073703133025173,2.4215776348602165
2023-12-06,15.469,15.569,15.207,15.307,11200.0,171438.4,0.0,0.35402871566250216,2.380482672453476
2023-12-07,15.245,15.384,15.092,15.345,10499.0,161107.155,0.0,0.24825243352715187,1.9347998939835662
2023-12-08,15.192,15.345,14.976,15.045,10806.0,162576.27,0.0,-1.9550342130987386,2.4639423076923057
2023-12-11,15.038,15.292,14.869,15.292,8389.0,128284.588,0.0,1.6417414423396393,2.8448449794875246
2023-12-12,15.369,15.453,15.145,15.407,9120.0,140511.84,0.0,0.7520272037666809,2.03367448002641
2023-12-13,15.392,15.853,15.276,15.53,11306.0,175582.18,0.0,0.7983384176023733,3.7771667975909926
2023-12-14,15.469,15.815,15.369,15.422,5928.0,91421.61600000001,0.0,-0.6954282034771331,2.9019454746567748
2023-12-15,15.484,15.507,14.953,15.053,10318.0,155316.85400000002,0.0,-2.3926857735702245,3.7049421520765082
2023-12-18,15.215,15.215,14.615,14.776,10460.0,154556.96,0.0,-1.840164751212392,4.105371193978787
2023-12-19,14.692,14.953,14.615,14.915,11333.0,169031.69499999998,0.0,0.9407146724417892,2.3126924392747124
2023-12-20,15.007,15.038,14.492,14.522,8712.0,126515.664,0.0,-2.634931277237673,3.7675959149875746
2023-12-21,14.515,14.692,13.976,14.207,19527.0,277420.08900000004,0.0,-2.1691227103704636,5.123068116771603
2023-12-22,14.315,14.384,14.092,14.238,8626.0,122816.988,0.0,0.21820229464348806,2.072097644053362
2023-12-25,14.207,14.43,14.084,14.315,6252.0,89497.37999999999,0.0,0.5408062930186919,2.456688440783869
2023-12-26,14.361,14.484,14.145,14.207,5011.0,71191.277,0.0,-0.7544533705902801,2.3966065747614027
2023-12-27,14.107,14.469,14.107,14.384,6674.0,95998.816,0.0,1.2458647145773272,2.5661019352094714
2023-12-28,14.422,14.638,14.284,14.522,11258.0,163488.676,0.0,0.9593993325917705,2.4782973956874765
2023-12-29,14.453,14.584,14.307,14.569,9335.0,136001.61500000002,0.0,0.32364688059496327,1.9361151883693244
2024-01-02,14.753,14.938,14.53,14.615,8929.0,130497.335,0.0,0.3157388976594122,2.807983482450112
2024-01-03,14.745,14.745,14.33,14.438,8512.0,122896.25600000001,0.0,-1.211084502223736,2.8960223307745925
2024-01-04,14.438,14.476,14.061,14.176,10225.0,144949.6,0.0,-1.8146557694971643,2.951425929876971
2024-01-05,14.299,14.369,13.615,13.745,20945.0,287889.02499999997,0.0,-3.040349887133187,5.5380095482923215
2024-01-08,13.753,14.145,13.476,13.507,21774.0,294101.418,0.0,-1.7315387413604943,4.964381121994648
2024-01-09,13.822,13.969,13.476,13.607,13898.0,189110.08599999998,0.0,0.740356852002666,3.6583555951320754
2024-01-10,13.584,13.73,13.315,13.422,9806.0,131616.132,0.0,-1.359594326449609,3.1167855801727447
2024-01-11,13.469,13.707,13.33,13.492,11698.0,157829.416,0.0,0.5215318134406122,2.8282070517629454
2024-01-12,13.492,13.669,13.453,13.515,9412.0,127203.18000000001,0.0,0.17047139045360815,1.6055898312644101
2024-01-15,13.699,13.699,13.322,13.376,5783.0,77353.408,0.0,-1.0284868664447,2.829905419606671
2024-01-16,13.499,13.522,13.161,13.369,7315.0,97794.235,0.0,-0.05233253588516895,2.742952663171496
2024-01-17,13.445,13.445,12.938,12.945,7537.0,97566.465,0.0,-3.171516194180568,3.9186891327871356
2024-01-18,13.069,13.069,12.469,12.807,12793.0,163839.951,0.0,-1.0660486674391678,4.811933595316396
2024-01-19,12.707,12.938,12.315,12.353,21308.0,263217.724,0.0,-3.544936362926532,5.058871295168503
2024-01-22,12.353,12.376,11.43,11.499,26359.0,303102.141,0.0,-6.913300412855172,8.27646544181977
2024-01-23,11.453,11.661,11.299,11.638,17296.0,201290.848,0.0,1.208800765283935,3.203823347198868
2024-01-24,11.807,11.861,11.084,11.684,22292.0,260459.72799999997,0.0,0.39525691699604515,7.010104655359085
2024-01-25,11.669,11.899,11.392,11.761,23316.0,274219.47599999997,0.0,0.6590208832591538,4.450491573033705
2024-01-26,11.83,11.969,11.561,11.661,18074.0,210760.914,0.0,-0.8502678343678238,3.529106478678311
2024-01-29,11.792,11.792,11.145,11.238,14234.0,159961.69199999998,0.0,-3.6274762027270424,5.805293853746077
2024-01-30,11.284,11.299,10.776,10.776,11622.0,125238.67199999999,0.0,-4.111051788574482,4.853377876763175
2024-01-31,10.776,10.838,10.161,10.161,20196.0,205211.55599999998,0.0,-5.707126948775054,6.662730046255286
2024-02-01,10.445,10.445,9.953,10.145,20176.0,204685.52,0.0,-0.15746481645507737,4.94323319602131
2024-02-02,10.145,10.33,9.322,9.622,27046.0,260236.612,0.0,-5.155248891079345,10.81313022956448
2024-02-05,9.407,9.676,8.807,9.276,31125.0,288715.5,0.0,-3.5959260029099993,9.867151129783123
2024-02-06,9.092,10.145,8.522,9.899,37466.0,370875.93399999995,0.0,6.716257007330739,19.04482515841351
2024-02-07,9.853,10.261,9.707,9.83,29336.0,288372.88,0.0,-0.6970401050611086,5.707221592665071
2024-02-08,9.776,11.384,9.453,11.284,34313.0,387187.89200000005,0.0,14.791454730417097,20.427377552099873
2024-02-19,11.284,11.669,11.115,11.261,20635.0,232370.735,0.0,-0.20382842963488912,4.984255510571303
2024-02-20,11.261,11.376,10.953,11.138,19017.0,211811.346,0.0,-1.092265340555898,3.8619556285949064
2024-02-21,11.007,11.653,10.922,11.469,26306.0,301703.51399999997,0.0,2.971808224097683,6.6929133858267695
2024-02-22,11.415,11.607,11.315,11.453,11141.0,127597.87299999999,0.0,-0.13950649577121332,2.580645161290321
2024-02-23,11.453,11.838,11.338,11.715,14852.0,173991.18,0.0,2.287610233126691,4.409948844593403
2024-02-26,11.507,11.945,11.407,11.699,22548.0,263789.052,0.0,-0.13657703798548582,4.71640220916981
2024-02-27,11.745,11.884,11.469,11.884,30220.0,359134.48,0.0,1.5813317377553648,3.6184497340657504
2024-02-28,11.884,12.076,11.122,11.122,35045.0,389770.49,0.0,-6.411982497475599,8.577593957921243
2024-02-29,10.922,11.769,10.922,11.684,32237.0,376657.10799999995,0.0,5.053048012947303,7.754989928584504
2024-03-01,11.822,11.884,11.607,11.845,15373.0,182093.185,0.0,1.3779527559055316,2.3864909106573706
2024-03-04,11.899,11.976,11.507,11.699,12964.0,151665.836,0.0,-1.232587589700307,4.075779960024343
2024-03-05,11.715,11.776,11.315,11.33,10879.0,123259.07,0.0,-3.1541157363877192,4.074237737516573
2024-03-06,11.361,11.553,11.145,11.399,14773.0,168397.427,0.0,0.6090026478375865,3.660834454912528
2024-03-07,11.545,11.645,11.161,11.253,16377.0,184290.381,0.0,-1.2808141065005607,4.3365289848579875
2024-03-08,11.238,11.892,11.176,11.599,30301.0,351461.299,0.0,3.0747356260552694,6.4065855404438015
2024-03-11,11.476,11.753,11.43,11.699,19594.0,229230.206,0.0,0.8621432882145008,2.8258967629046405
2024-03-12,11.63,12.007,11.63,11.976,17925.0,214669.80000000002,0.0,2.3677237370715476,3.2416165090283653
2024-03-13,11.999,12.076,11.799,11.907,19852.0,236377.764,0.0,-0.5761523046092232,2.3476565810662007
2024-03-14,11.961,14.315,11.661,13.469,62865.0,846728.6849999999,0.0,13.118333753254374,22.75962610410771
2024-03-15,13.253,13.445,12.776,13.115,43172.0,566200.78,0.0,-2.628257480139573,5.236380713838451
2024-03-18,12.945,13.322,12.945,13.245,31262.0,414065.19,0.0,0.9912314144109757,2.912321359598292
2024-03-19,13.215,14.853,13.138,14.069,47890.0,673764.41,0.0,6.221215553038895,13.053737250723094
2024-03-20,13.915,14.276,13.699,14.084,30727.0,432759.06799999997,0.0,0.10661738574169188,4.211986276370538
2024-03-21,14.084,14.092,13.707,13.715,24022.0,329461.73,0.0,-2.6199943197955156,2.8087838330779875
2024-03-22,13.815,13.922,13.307,13.461,25411.0,342057.471,0.0,-1.8519868756835534,4.621627714736606
2024-03-25,13.422,13.692,13.261,13.407,20124.0,269802.468,0.0,-0.4011589034989993,3.2501319659150965
2024-03-26,13.353,13.999,13.338,13.961,25768.0,359747.048,0.0,4.132169762064586,4.955765482081282
2024-03-27,13.961,14.907,13.815,14.084,34241.0,482250.244,0.0,0.8810257144903577,7.904451682953316
2024-03-28,13.884,14.322,13.661,14.307,25614.0,366459.498,0.0,1.583357000852037,4.8385916111558425
2024-03-29,14.299,14.892,14.253,14.376,24187.0,347712.312,0.0,0.4822814007129361,4.4832666806987955
2024-04-01,14.369,16.099,14.13,15.207,39163.0,595551.741,0.0,5.780467445742921,13.934890304317053
2024-04-02,15.115,15.692,14.876,14.93,26875.0,401243.75,0.0,-1.821529558755841,5.485345522990056
2024-04-03,14.876,15.23,14.576,15.161,20538.0,311376.618,0.0,1.5472203616878843,4.486827661909988
2024-04-08,15.045,15.045,14.53,14.569,17567.0,255933.62300000002,0.0,-3.904755622980005,3.544390915347561
2024-04-09,14.853,14.861,14.33,14.699,12529.0,184163.771,0.0,0.8923055803418123,3.7055129099790687
2024-04-10,14.769,15.038,14.253,14.376,15855.0,227931.47999999998,0.0,-2.1974283964895647,5.507612432470358
2024-04-11,15.061,15.061,14.099,14.153,15350.0,217248.55000000002,0.0,-1.5511964385086174,6.823178948861619
2024-04-12,14.122,14.315,14.045,14.115,13327.0,188110.605,0.0,-0.26849431215997255,1.9223923104307552
2024-04-15,14.269,14.853,14.007,14.207,18354.0,260755.27800000002,0.0,0.6517888770811275,6.039837224245021
2024-04-16,13.969,14.315,13.276,13.869,21521.0,298474.749,0.0,-2.3791088899838164,7.826152455558902
2024-04-17,14.315,14.507,13.93,14.376,14487.0,208265.112,0.0,3.6556348691325846,4.1421392677674085
2024-04-18,14.615,14.615,13.984,14.007,13428.0,188085.99599999998,0.0,-2.5667779632721155,4.51229977116705
2024-04-19,14.007,14.392,13.769,14.253,11289.0,160902.117,0.0,1.7562647247804763,4.524656837824093
2024-04-22,14.161,14.561,13.969,14.292,15308.0,218781.936,0.0,0.27362660492527,4.237955472832705
2024-04-23,14.161,14.238,13.584,13.969,16382.0,228840.158,0.0,-2.2600055975370847,4.8144876325088335
2024-04-24,14.145,14.461,13.784,14.407,16073.0,231563.711,0.0,3.135514353210689,4.911491584445731
2024-04-25,14.507,15.053,14.369,14.753,21303.0,314283.159,0.0,2.401610328312631,4.760247755584947
2024-04-26,14.745,14.969,14.484,14.845,16158.0,239865.51,0.0,0.6236019792584591,3.3485225075945833
2024-04-29,14.745,15.084,14.538,14.853,22792.0,338529.576,0.0,0.05389019872010792,3.7556747833264508
2024-04-30,14.93,15.022,14.661,14.899,15399.0,229429.701,0.0,0.3097017437554639,2.4623149853352477
2024-05-06,15.092,17.215,14.907,16.93,63486.0,1074817.98,0.0,13.631787368279745,15.482659153417858
2024-05-07,17.376,17.392,16.684,17.199,50218.0,863699.3820000001,0.0,1.5888954518606058,4.243586669863332
2024-05-08,17.007,17.392,16.792,16.969,28188.0,478322.172,0.0,-1.3372870515727664,3.573130061934241
2024-05-09,17.115,18.161,17.084,17.638,51631.0,910667.5780000001,0.0,3.9424833519948077,6.304144228517922
2024-05-10,17.676,17.761,17.422,17.753,30445.0,540490.085,0.0,0.6520013606984731,1.9458156354035048
2024-05-13,17.753,17.761,16.869,17.007,27506.0,467794.542,0.0,-4.202106686193874,5.287806034738274
2024-05-14,17.107,17.922,16.845,16.892,28796.0,486422.032,0.0,-0.676192156170996,6.393588601959049
2024-05-15,16.892,17.084,16.438,16.953,21312.0,361302.336,0.0,0.3611176888467904,3.929918481567106
2024-05-16,17.007,17.315,16.838,16.938,18094.0,306476.17199999996,0.0,-0.08847991505928077,2.832878014015918
2024-05-17,16.707,16.922,16.399,16.699,27741.0,463246.95900000003,0.0,-1.4110284567245057,3.189218854808218
2024-05-20,16.707,17.23,16.369,16.484,24284.0,400297.45600000006,0.0,-1.287502245643446,5.259942574378402
2024-05-21,16.469,16.922,16.245,16.83,21375.0,359741.24999999994,0.0,2.0990050958505035,4.1674361341951345
2024-05-22,16.838,18.492,16.684,18.061,54013.0,975528.793,0.0,7.31431966726086,10.836729801006951
2024-05-23,18.061,18.061,17.461,17.738,30964.0,549239.432,0.0,-1.7883838104202465,3.436229311036031
2024-05-24,17.722,18.161,16.622,16.784,34470.0,578544.48,0.0,-5.378283910249182,9.258813620502956
2024-05-27,16.761,16.792,15.999,16.553,30872.0,511024.216,0.0,-1.3763107721639578,4.956559784986568
2024-05-28,16.53,16.545,16.084,16.161,18595.0,300513.79500000004,0.0,-2.3681507883767217,2.8662024372046884
2024-05-29,15.94,16.27,15.71,16.06,22059.0,354267.54,0.0,-0.6249613266505971,3.5646085295989733
2024-05-30,15.99,16.54,15.99,16.08,18593.0,298975.43999999994,0.0,0.12453300124533051,3.439649781113189
2024-05-31,16.14,16.22,15.6,15.74,24267.0,381962.58,0.0,-2.1144278606965106,3.974358974358969
2024-06-03,15.93,15.95,15.23,15.45,26650.0,411742.5,0.0,-1.842439644218552,4.727511490479309
2024-06-04,15.45,15.53,15.16,15.33,20159.0,309037.47000000003,0.0,-0.7766990291262044,2.4406332453825805
2024-06-05,15.24,16.12,15.21,15.72,37028.0,582080.16,0.0,2.544031311154593,5.982905982905983
2024-06-06,15.9,15.9,15.19,15.33,24826.0,380582.58,0.0,-2.4809160305343525,4.674127715602375
2024-06-07,15.63,15.81,15.35,15.57,16517.0,257169.69,0.0,1.5655577299412915,2.9967426710097778
2024-06-11,15.36,15.96,15.19,15.91,17407.0,276945.37,0.0,2.1836865767501656,5.069124423963143
2024-06-12,15.91,15.93,15.56,15.73,18582.0,292294.86,0.0,-1.13136392206159,2.377892030848324
2024-06-13,15.77,16.63,15.63,16.27,32432.0,527668.64,0.0,3.432930705657977,6.397952655150341
2024-06-14,16.23,16.91,15.93,16.62,28431.0,472523.22000000003,0.0,2.1511985248924503,6.1519146264909
2024-06-17,16.61,17.01,16.43,17.0,20565.0,349605.0,0.0,2.2864019253910906,3.530127814972622
2024-06-18,17.01,17.08,16.63,16.87,25598.0,431838.26,0.0,-0.764705882352934,2.7059530968129843
2024-06-19,16.95,17.52,16.73,17.09,25751.0,440084.58999999997,0.0,1.304090100770594,4.7220561864913275
2024-06-20,17.06,17.47,16.7,16.7,25645.0,428271.5,0.0,-2.2820362785254567,4.61077844311377
2024-06-21,16.69,17.29,16.44,17.11,20196.0,345553.56,0.0,2.455089820359291,5.17031630170315
2024-06-24,17.3,17.3,16.67,16.75,20398.0,341666.5,0.0,-2.104032729398009,3.7792441511697596
2024-06-25,16.75,16.93,16.1,16.33,21756.0,355275.48,0.0,-2.5074626865671745,5.155279503105579
2024-06-26,16.12,16.63,16.11,16.53,12513.0,206839.89,0.0,1.2247397428046813,3.2278088144009907
2024-06-27,16.37,17.07,16.3,16.35,13605.0,222441.75000000003,0.0,-1.0889292196007205,4.723926380368095
2024-06-28,16.24,16.69,16.19,16.37,10510.0,172048.7,0.0,0.12232415902140303,3.088326127239036
2024-07-01,16.24,16.78,16.09,16.71,16342.0,273074.82,0.0,2.0769700671960933,4.288377874456192
2024-07-02,16.55,17.03,16.55,16.87,14053.0,237074.11000000002,0.0,0.957510472770795,2.900302114803628
2024-07-03,16.89,16.89,16.4,16.58,10702.0,177439.15999999997,0.0,-1.7190278601067144,2.987804878048793
2024-07-04,16.5,16.71,16.17,16.26,10824.0,175998.24000000002,0.0,-1.9300361881785078,3.339517625231905
2024-07-05,16.48,16.48,15.99,16.34,9468.0,154707.12,0.0,0.49200492004919383,3.064415259537212
2024-07-08,16.23,16.34,15.03,15.09,31395.0,473750.55,0.0,-7.649938800489597,8.715901530272792
2024-07-09,14.99,15.35,14.16,14.79,45587.0,674231.73,0.0,-1.988071570576544,8.403954802259882
2024-07-10,14.76,15.07,14.52,14.78,12338.0,182355.63999999998,0.0,-0.06761325219742931,3.787878787878793
2024-07-11,15.03,15.34,14.78,15.21,17055.0,259406.55000000002,0.0,2.9093369418132786,3.788903924221925
2024-07-12,15.18,15.52,15.06,15.21,13435.0,204346.35,0.0,0.0,3.0544488711819326
2024-07-15,15.19,15.19,14.63,14.65,13355.0,195650.75,0.0,-3.6817882971729166,3.8277511961722395
2024-07-16,14.51,15.07,14.42,14.68,11310.0,166030.8,0.0,0.20477815699657675,4.5076282940360635
2024-07-17,15.03,15.08,14.35,14.55,13184.0,191827.2,0.0,-0.8855585831062607,5.087108013937285
2024-07-18,14.39,14.67,14.2,14.55,8475.0,123311.25,0.0,0.0,3.309859154929582
2024-07-19,14.53,14.93,14.38,14.78,9345.0,138119.1,0.0,1.5807560137456989,3.8247566063977674
2024-07-22,14.78,15.11,14.67,15.07,13263.0,199873.41,0.0,1.9621109607577791,2.9993183367416463
2024-07-23,15.08,15.08,14.49,14.51,9662.0,140195.62,0.0,-3.715992037159921,4.071773636991027
2024-07-24,14.38,14.72,14.16,14.2,9784.0,138932.8,0.0,-2.136457615437637,3.9548022598870096
2024-07-25,14.2,14.41,13.97,14.12,6567.0,92726.04,0.0,-0.5633802816901401,3.149606299212595
2024-07-26,14.32,14.47,14.2,14.43,4442.0,64098.06,0.0,2.195467422096331,1.901408450704235
2024-07-29,14.46,14.86,14.39,14.57,7814.0,113849.98,0.0,0.970200970200974,3.2661570535093736
2024-07-30,14.57,14.57,14.03,14.32,8643.0,123767.76000000001,0.0,-1.7158544955387822,3.8488952245188948
2024-07-31,14.57,15.13,14.18,15.07,14806.0,223126.42,0.0,5.2374301675977675,6.699576868829345
2024-08-01,15.13,15.18,14.74,14.78,9301.0,137468.78,0.0,-1.924353019243541,2.9850746268656683
2024-08-02,14.63,14.76,14.28,14.35,10118.0,145193.3,0.0,-2.9093369418132564,3.361344537815129
2024-08-05,14.13,14.7,13.67,13.73,14062.0,193071.26,0.0,-4.32055749128919,7.534747622531085
2024-08-06,13.92,14.16,13.76,13.93,12224.0,170280.32,0.0,1.456664238892924,2.9069767441860495
2024-08-07,13.93,14.11,13.67,14.0,8391.0,117474.0,0.0,0.5025125628140614,3.2187271397220156
2024-08-08,13.9,14.03,13.68,13.91,5926.0,82430.66,0.0,-0.642857142857145,2.55847953216374
2024-08-09,13.94,14.2,13.79,13.85,6768.0,93736.8,0.0,-0.43134435657800063,2.97316896301668
2024-08-12,13.85,14.52,13.69,14.16,13682.0,193737.12,0.0,2.23826714801445,6.062819576333091
2024-08-13,13.96,14.21,13.96,14.14,5134.0,72594.76000000001,0.0,-0.14124293785310327,1.7908309455587392
2024-08-14,14.12,14.26,13.89,13.93,5809.0,80919.37,0.0,-1.4851485148514865,2.6637868970482304
2024-08-15,13.88,14.73,13.77,14.24,16572.0,235985.28,0.0,2.2254127781766053,6.971677559912861
2024-08-16,14.37,14.62,13.96,14.16,12556.0,177792.96,0.0,-0.5617977528089901,4.727793696275059
2024-08-19,14.17,14.31,13.94,14.04,6824.0,95808.95999999999,0.0,-0.8474576271186529,2.654232424677195
2024-08-20,13.9,14.51,13.9,14.3,18908.0,270384.4,0.0,1.85185185185186,4.388489208633089
2024-08-21,14.14,14.28,13.99,14.08,10263.0,144503.04,0.0,-1.538461538461544,2.072909220872045
2024-08-22,13.94,14.15,13.23,13.31,20613.0,274359.03,0.0,-5.46875,6.953892668178381
2024-08-23,13.23,13.41,13.09,13.25,8439.0,111816.75,0.0,-0.45078888054095323,2.4446142093200938
2024-08-26,13.26,13.66,13.2,13.29,9100.0,120938.99999999999,0.0,0.30188679245282124,3.4848484848484915
2024-08-27,13.05,13.41,12.65,12.72,18559.0,236070.48,0.0,-4.288939051918728,6.007905138339919
2024-08-28,12.72,13.04,12.63,12.83,12062.0,154755.46,0.0,0.864779874213828,3.2462391132224733
2024-08-29,12.77,13.39,12.73,13.28,14906.0,197951.68,0.0,3.5074045206547,5.184603299293009
2024-08-30,13.51,13.68,13.03,13.28,20633.0,274006.24,0.0,0.0,4.9884881043745235
2024-09-02,13.33,13.37,13.03,13.04,10546.0,137519.84,0.0,-1.8072289156626509,2.6093630084420556
2024-09-03,13.02,13.34,12.98,13.05,11826.0,154329.30000000002,0.0,0.07668711656443339,2.7734976887519216
2024-09-04,12.97,13.08,12.83,13.04,7351.0,95857.04,0.0,-0.07662835249043765,1.9485580670303975
2024-09-05,13.12,13.22,12.98,13.12,7105.0,93217.59999999999,0.0,0.6134969325153339,1.8489984591679522
2024-09-06,12.98,13.08,12.71,12.74,10807.0,137681.18,0.0,-2.896341463414631,2.9110936270652967
2024-09-09,12.73,12.8,12.51,12.56,6445.0,80949.2,0.0,-1.4128728414442682,2.318145483613117
2024-09-10,12.62,12.74,12.34,12.67,7024.0,88994.08,0.0,0.8757961783439461,3.2414910858995163
2024-09-11,12.68,12.83,12.53,12.63,5747.0,72584.61,0.0,-0.31570639305444903,2.3942537909018413
2024-09-12,12.68,12.97,12.61,12.68,7021.0,89026.28,0.0,0.39588281868565556,2.8548770816812152
2024-09-13,12.62,12.92,12.47,12.52,6206.0,77699.12,0.0,-1.2618296529968487,3.608660785886121
2024-09-18,12.48,12.63,12.24,12.5,5204.0,65050.0,0.0,-0.15974440894568342,3.1862745098039262
2024-09-19,12.62,12.99,12.48,12.8,11816.0,151244.80000000002,0.0,2.400000000000002,4.08653846153846
2024-09-20,12.92,12.92,12.57,12.69,5477.0,69503.12999999999,0.0,-0.8593750000000067,2.7844073190135212
2024-09-23,12.75,12.78,12.55,12.71,4479.0,56928.090000000004,0.0,0.1576044129235621,1.8326693227091524
2024-09-24,12.78,13.28,12.55,13.28,14874.0,197526.72,0.0,4.484657749803289,5.816733067729072
2024-09-25,13.29,13.83,13.29,13.41,17780.0,238429.8,0.0,0.9789156626506035,4.063205417607231
2024-09-26,13.41,14.2,13.34,14.12,23175.0,327231.0,0.0,5.294556301267694,6.446776611694149
2024-09-27,14.2,15.13,14.14,14.92,34326.0,512143.92,0.0,5.665722379603411,7.001414427157003
2024-09-30,15.44,17.09,15.27,16.58,88756.0,1471574.4799999997,0.0,11.126005361930291,11.918795022920762
2024-10-08,19.55,19.63,16.57,17.93,148054.0,2654608.2199999997,0.0,8.142340168878182,18.46710923355461
2024-10-09,16.93,16.93,15.09,15.09,104455.0,1576225.95,0.0,-15.8393753485778,12.19350563286945
2024-10-10,15.1,15.54,14.71,14.93,57461.0,857892.73,0.0,-1.0603048376408242,5.642420122365726
2024-10-11,14.96,14.96,14.02,14.32,36409.0,521376.88,0.0,-4.085733422638982,6.704707560627685
2024-10-14,14.32,14.78,14.16,14.71,28065.0,412836.15,0.0,2.72346368715084,4.378531073446322
2024-10-15,14.71,14.92,14.44,14.47,31030.0,449004.10000000003,0.0,-1.6315431679129855,3.3240997229916927
2024-10-16,14.28,14.66,14.24,14.43,20492.0,295699.56,0.0,-0.27643400138217533,2.9494382022471908
2024-10-17,14.61,15.36,14.54,14.94,49342.0,737169.48,0.0,3.534303534303529,5.639614855570842
2024-10-18,14.88,15.87,14.79,15.44,60789.0,938582.1599999999,0.0,3.346720214190091,7.302231237322516
2024-10-21,15.6,15.73,15.12,15.35,57921.0,889087.35,0.0,-0.5829015544041471,4.034391534391543
2024-10-22,15.38,16.63,15.12,15.94,60165.0,959030.1,0.0,3.8436482084690526,9.986772486772486
2024-10-23,15.84,17.09,15.73,16.49,85465.0,1409317.8499999999,0.0,3.450439146800499,8.64589955499046
2024-10-24,16.33,16.59,15.96,16.36,48747.0,797500.9199999999,0.0,-0.7883565797452974,3.947368421052625
2024-10-25,16.33,16.51,15.88,15.98,56120.0,896797.6,0.0,-2.3227383863080653,3.9672544080604584
2024-10-28,16.29,16.89,16.03,16.49,63226.0,1042596.7399999999,0.0,3.1914893617021045,5.364940736119771
2024-10-29,16.58,16.64,15.7,15.76,57208.0,901598.08,0.0,-4.426925409338988,5.987261146496824
2024-10-30,16.03,17.04,16.03,16.68,97709.0,1629786.1199999999,0.0,5.8375634517766395,6.300686213349955
2024-10-31,17.07,17.46,16.46,17.08,78057.0,1333213.5599999998,0.0,2.3980815347721673,6.075334143377885
2024-11-01,17.27,17.7,16.84,17.2,68798.0,1183325.5999999999,0.0,0.7025761124121788,5.106888361045128
2024-11-04,17.7,20.63,16.95,19.91,139477.0,2776987.07,0.0,15.755813953488374,21.710914454277287
2024-11-05,20.19,21.21,19.13,19.71,165648.0,3264922.08,0.0,-1.0045203415369075,10.872974385781506
2024-11-06,19.74,20.72,19.33,19.89,104982.0,2088091.98,0.0,0.9132420091324089,7.190894981893433
2024-11-07,19.86,19.88,19.03,19.78,64540.0,1276601.2000000002,0.0,-0.5530417295123158,4.466631634261681
2024-11-08,20.13,22.93,19.93,21.35,116269.0,2482343.1500000004,0.0,7.937310414560161,15.052684395383844
2024-11-11,21.0,23.1,20.99,22.2,97810.0,2171382.0,0.0,3.981264637002324,10.05240590757505
2024-11-12,22.43,22.74,20.83,21.21,97127.0,2060063.6700000002,0.0,-4.459459459459447,9.16946711473836
2024-11-13,20.93,21.28,19.9,20.52,85158.0,1747442.16,0.0,-3.2531824611032545,6.9346733668341844
2024-11-14,20.74,20.79,19.95,20.03,55863.0,1118935.8900000001,0.0,-2.3879142300194833,4.210526315789473
2024-11-15,20.03,20.33,19.33,19.43,56520.0,1098183.6,0.0,-2.9955067398901747,5.173305742369375
2024-11-18,19.83,19.93,18.76,18.92,43926.0,831079.92,0.0,-2.6248069994853185,6.236673773987197
2024-11-19,19.02,19.69,18.75,19.62,41181.0,807971.2200000001,0.0,3.6997885835095,5.013333333333341
2024-11-20,19.5,20.18,19.33,20.09,48304.0,970427.36,0.0,2.3955147808358834,4.3973098810139755
2024-11-21,20.1,20.13,19.51,19.81,35021.0,693766.01,0.0,-1.3937282229965264,3.1778575089697454
2024-11-22,19.81,19.81,18.55,18.63,41885.0,780317.5499999999,0.0,-5.956587582029282,6.792452830188668
2024-11-25,18.67,19.03,18.36,18.86,27340.0,515632.39999999997,0.0,1.2345679012345734,3.649237472766894
2024-11-26,18.79,18.89,18.23,18.31,26727.0,489371.36999999994,0.0,-2.9162248144220637,3.6204059243006044
2024-11-27,18.16,18.59,17.61,18.59,38127.0,708780.93,0.0,1.5292190060076427,5.565019875070985
2024-11-28,18.61,18.79,18.33,18.49,22428.0,414693.72,0.0,-0.5379236148467026,2.5095471903982594
2024-11-29,18.48,19.04,17.99,18.56,37236.0,691100.1599999999,0.0,0.37858301784747805,5.8365758754863855
2024-12-02,18.43,18.78,18.31,18.56,33888.0,628961.2799999999,0.0,0.0,2.5669033315128478
2024-12-03,18.58,18.72,18.31,18.56,23329.0,432986.24,0.0,0.0,2.239213544511197
2024-12-04,18.38,18.67,18.07,18.16,27309.0,495931.44,0.0,-2.155172413793094,3.3204205866076446
2024-12-05,18.16,18.43,17.83,18.38,32792.0,602716.96,0.0,1.2114537444933848,3.365114974761646
2024-12-06,18.37,18.79,18.13,18.57,27544.0,511492.08,0.0,1.0337323177366686,3.6403750689464984
2024-12-09,18.59,18.83,18.19,18.37,23949.0,439943.13,0.0,-1.0770059235325702,3.5184167124793677
2024-12-10,19.07,19.17,18.23,18.33,40153.0,736004.4899999999,0.0,-0.21774632553077655,5.156335710367533
2024-12-11,18.21,18.77,18.13,18.59,37497.0,697069.23,0.0,1.4184397163120588,3.530060672917819
2024-12-12,18.65,19.73,18.54,19.31,67443.0,1302324.3299999998,0.0,3.8730500268961743,6.418554476806911
2024-12-13,19.25,19.31,18.5,18.56,39023.0,724266.88,0.0,-3.883997928534444,4.378378378378371
2024-12-16,18.5,18.59,18.04,18.17,26492.0,481359.6400000001,0.0,-2.101293103448265,3.048780487804882
2024-12-17,18.01,18.25,17.5,17.51,29826.0,522253.26000000007,0.0,-3.6323610346725377,4.285714285714286
2024-12-18,17.63,17.73,17.04,17.2,30127.0,518184.39999999997,0.0,-1.7704169046259377,4.049295774647895
2024-12-19,17.06,17.53,16.93,17.29,25759.0,445373.11,0.0,0.5232558139534937,3.5440047253396423
2024-12-20,17.3,17.57,17.06,17.19,34555.0,594000.4500000001,0.0,-0.578368999421619,2.989449003517008
2024-12-23,17.14,17.4,16.69,16.78,28998.0,486586.44000000006,0.0,-2.3851076207097144,4.254044337926886
2024-12-24,16.83,17.18,16.47,16.76,36286.0,608153.3600000001,0.0,-0.11918951132300348,4.31086824529448
2024-12-25,16.74,16.76,16.37,16.44,16938.0,278460.72000000003,0.0,-1.9093078758949944,2.382406841783754
2024-12-26,16.55,16.71,16.39,16.42,21086.0,346232.12000000005,0.0,-0.12165450121653931,1.952410006101283
2024-12-27,16.53,16.91,16.43,16.68,34230.0,570956.4,0.0,1.5834348355663774,2.9214850882531977
2024-12-30,16.68,16.91,16.31,16.65,26873.0,447435.44999999995,0.0,-0.17985611510792365,3.678724708767636
2024-12-31,16.7,16.79,16.17,16.18,21340.0,345281.2,0.0,-2.8228228228228125,3.8342609771181033
2025-01-02,16.18,16.28,15.64,15.8,28751.0,454265.80000000005,0.0,-2.3485784919653807,4.092071611253201
2025-01-03,15.8,15.9,15.28,15.28,27089.0,413919.92,0.0,-3.2911392405063356,4.0575916230366555
2025-01-06,15.44,15.62,15.1,15.35,19527.0,299739.45,0.0,0.45811518324607725,3.4437086092715203
2025-01-07,15.56,15.72,15.19,15.65,20011.0,313172.15,0.0,1.9543973941368087,3.489137590520087
2025-01-08,15.89,15.89,15.08,15.52,23564.0,365713.27999999997,0.0,-0.8306709265175738,5.371352785145892
2025-01-09,15.51,15.7,15.37,15.56,17703.0,275458.68,0.0,0.2577319587628857,2.1470396877033187
2025-01-10,15.5,15.83,14.93,14.96,33058.0,494547.68000000005,0.0,-3.856041131105392,6.028131279303419
2025-01-13,14.72,15.08,14.57,14.95,25721.0,384528.94999999995,0.0,-0.06684491978610207,3.5003431708991064
2025-01-14,15.24,15.86,15.07,15.85,31714.0,502666.89999999997,0.0,6.020066889632103,5.242203052422025
2025-01-15,15.99,16.0,15.65,15.71,20467.0,321536.57,0.0,-0.8832807570977819,2.2364217252396146
2025-01-16,15.83,15.99,15.49,15.68,18098.0,283776.64,0.0,-0.19096117122852085,3.227888960619755
2025-01-17,15.54,16.29,15.53,16.09,27171.0,437181.39,0.0,2.614795918367352,4.893754024468769
2025-01-20,16.8,17.16,16.4,16.87,47759.0,805694.3300000001,0.0,4.847731510254816,4.634146341463424
2025-01-21,16.88,16.99,16.61,16.82,25548.0,429717.36,0.0,-0.29638411381149865,2.287778446718838
2025-01-22,17.01,17.24,16.77,16.87,33194.0,559982.78,0.0,0.29726516052319685,2.802623732856284
2025-01-23,16.99,17.31,16.75,16.77,25759.0,431978.43,0.0,-0.5927682276230084,3.343283582089544
2025-01-24,16.67,16.91,16.64,16.73,23558.0,394125.34,0.0,-0.23852116875372475,1.6225961538461513
2025-01-27,17.03,17.03,16.51,16.7,19025.0,317717.5,0.0,-0.1793185893604332,3.1496062992125955
2025-02-05,16.93,16.93,16.29,16.37,22810.0,373399.7,0.0,-1.9760479041916024,3.9287906691221646
2025-02-06,16.37,16.67,16.19,16.61,22988.0,381830.68,0.0,1.4660965180207652,2.9647930821494772
2025-02-07,16.6,16.89,16.43,16.68,33524.0,559180.32,0.0,0.4214328717639937,2.7997565429093174
2025-02-10,16.63,16.99,16.45,16.94,28141.0,476708.54000000004,0.0,1.558752997601931,3.2826747720364686
2025-02-11,16.94,17.09,16.59,16.88,21010.0,354648.8,0.0,-0.35419126328218864,3.0138637733574445
2025-02-12,16.78,17.33,16.76,17.28,36128.0,624291.8400000001,0.0,2.369668246445511,3.400954653937928
2025-02-13,17.28,17.72,17.07,17.1,37243.0,636855.3,0.0,-1.041666666666663,3.807850029291146
2025-02-14,17.11,17.43,16.83,16.88,26102.0,440601.75999999995,0.0,-1.286549707602358,3.5650623885918087
2025-02-17,16.88,17.71,16.61,17.26,57188.0,987064.8800000001,0.0,2.251184834123232,6.6225165562914
2025-02-18,17.01,17.23,16.26,16.32,51029.0,832793.28,0.0,-5.446118192352268,5.965559655596548
2025-02-19,16.29,16.98,16.23,16.8,37942.0,637425.6,0.0,2.941176470588247,4.621072088724584
2025-02-20,16.75,18.94,16.65,18.29,134492.0,2459858.6799999997,0.0,8.86904761904761,13.753753753753772
2025-02-21,17.94,18.12,17.53,17.78,84808.0,1507886.24,0.0,-2.7884089666484257,3.3656588705077
2025-02-24,18.29,18.43,17.71,17.94,60346.0,1082607.24,0.0,0.8998875140607376,4.0654997176736245
2025-02-25,17.72,18.23,17.53,18.02,45229.0,815026.58,0.0,0.4459308807134743,3.9931545921277767
2025-02-26,18.02,18.12,17.86,17.94,39710.0,712397.4,0.0,-0.4439511653718031,1.4557670772676459
2025-02-27,17.93,17.99,17.48,17.85,34335.0,612879.75,0.0,-0.5016722408026753,2.91762013729976
2025-02-28,17.77,17.85,17.13,17.17,36388.0,624781.9600000001,0.0,-3.809523809523807,4.20315236427322
2025-03-03,17.24,17.79,17.2,17.38,29080.0,505410.39999999997,0.0,1.2230634828188647,3.4302325581395343
2025-03-04,17.25,17.69,17.23,17.67,23720.0,419132.4,0.0,1.668584579977006,2.669762042948351
2025-03-05,17.59,18.24,17.39,18.08,54540.0,986083.2,0.0,2.3203169213355856,4.887866589994237
2025-03-06,17.97,18.23,17.91,17.96,53255.0,956459.8,0.0,-0.6637168141592764,1.7867113344500294
2025-03-07,17.96,18.65,17.83,18.13,48521.0,879685.73,0.0,0.9465478841870656,4.5989904655075735
2025-03-10,18.13,18.17,17.74,17.8,33347.0,593576.6,0.0,-1.8201875344732388,2.42390078917702
2025-03-11,17.63,17.95,17.43,17.95,28499.0,511557.05,0.0,0.8426966292134797,2.9833620195065955
2025-03-12,17.93,18.3,17.72,18.03,41147.0,741880.41,0.0,0.44568245125349293,3.273137697516941
2025-03-13,18.04,18.41,17.66,17.91,35790.0,640998.9,0.0,-0.6655574043261336,4.246885617214043
2025-03-14,17.85,17.95,17.53,17.94,37551.0,673664.9400000001,0.0,0.16750418760469454,2.395892755276658
2025-03-17,17.94,19.44,17.93,18.96,88939.0,1686283.4400000002,0.0,5.685618729096986,8.421639709983276
2025-03-18,18.93,19.26,18.8,19.02,51752.0,984323.0399999999,0.0,0.31645569620253333,2.4468085106383026
2025-03-19,18.83,19.61,18.76,19.33,89800.0,1735833.9999999998,0.0,1.6298633017875819,4.530916844349669
2025-03-20,18.95,19.17,18.63,18.69,55309.0,1033725.2100000001,0.0,-3.310915675116388,2.898550724637696
2025-03-21,18.53,18.88,18.4,18.43,35063.0,646211.09,0.0,-1.3911182450508375,2.6086956521739157
2025-03-24,18.41,18.58,17.82,18.32,35299.0,646677.68,0.0,-0.5968529571351078,4.264870931537587
2025-03-25,18.14,18.53,18.14,18.33,24991.0,458085.02999999997,0.0,0.05458515283842669,2.1499448732083826
2025-03-26,18.33,19.9,18.13,19.58,116265.0,2276468.6999999997,0.0,6.819421713038731,9.762824048538333
2025-03-27,19.43,19.49,18.93,19.15,71265.0,1364724.75,0.0,-2.196118488253318,2.9582673005810816
2025-03-28,18.93,19.14,18.59,18.78,46137.0,866452.8600000001,0.0,-1.9321148825065193,2.9585798816568087
2025-03-31,18.58,19.11,18.41,18.85,43687.0,823499.9500000001,0.0,0.37273695420660946,3.8022813688212893
2025-04-01,18.75,19.15,18.66,18.83,39357.0,741092.3099999999,0.0,-0.10610079575598119,2.625937834941042
2025-04-02,18.76,19.31,18.64,19.0,43127.0,819413.0,0.0,0.9028146574615148,3.594420600858359
2025-04-03,18.63,19.55,18.53,19.43,66127.0,1284847.6099999999,0.0,2.2631578947368336,5.5045871559633
2025-04-07,16.59,18.92,15.94,16.63,91196.0,1516589.48,0.0,-14.410705095213594,18.69510664993728
2025-04-08,16.79,17.59,16.71,17.03,64868.0,1104702.04,0.0,2.405291641611562,5.266307600239371
2025-04-09,17.03,17.9,16.09,17.72,77897.0,1380334.8399999999,0.0,4.051673517322363,11.249223119950273
2025-04-10,18.21,18.34,17.66,17.8,62219.0,1107498.2,0.0,0.4514672686230403,3.850509626274064
2025-04-11,17.59,18.11,17.52,17.75,38788.0,688487.0,0.0,-0.2808988764045006,3.3675799086757983
2025-04-14,17.83,17.95,16.83,17.12,85650.0,1466328.0,0.0,-3.549295774647887,6.654783125371368
2025-04-15,17.03,17.22,16.7,16.95,35354.0,599250.2999999999,0.0,-0.9929906542056166,3.113772455089818
2025-04-16,16.94,16.96,16.31,16.58,33757.0,559691.0599999999,0.0,-2.1828908554572313,3.9852851011649424
2025-04-17,16.57,16.91,16.36,16.53,26352.0,435598.56000000006,0.0,-0.3015681544028759,3.361858190709051
2025-04-18,16.73,16.77,16.13,16.28,33975.0,553113.0,0.0,-1.5124016938898976,3.967761934283947
2025-04-21,16.29,16.73,16.14,16.72,33380.0,558113.6,0.0,2.7027027027026973,3.655514250309788
2025-04-22,17.73,17.81,16.83,16.85,65316.0,1100574.6,0.0,0.7775119617225101,5.822935234699943
2025-04-23,17.02,17.24,16.83,17.06,41988.0,716315.2799999999,0.0,1.2462908011869223,2.4361259655377316
2025-04-24,17.15,17.15,16.78,16.93,23029.0,389880.97,0.0,-0.7620164126611928,2.205005959475551
2025-04-25,16.96,17.36,16.82,17.11,22711.0,388585.20999999996,0.0,1.0632014176018778,3.210463733650411
2025-04-28,17.07,17.08,16.63,16.66,22835.0,380431.1,0.0,-2.630040911747511,2.7059530968129843
2025-04-29,16.63,16.98,16.63,16.8,16473.0,276746.4,0.0,0.8403361344537785,2.104630186410111
2025-04-30,16.86,17.02,16.19,16.38,48631.0,796575.7799999999,0.0,-2.5000000000000133,5.12662137121679
2025-05-06,16.51,17.16,16.49,17.12,47679.0,816264.4800000001,0.0,4.517704517704524,4.0630685263796344
2025-05-07,17.43,17.5,16.96,17.12,37229.0,637360.48,0.0,0.0,3.1839622641509386
2025-05-08,17.07,17.73,16.97,17.28,58149.0,1004814.7200000001,0.0,0.9345794392523477,4.478491455509732
2025-05-09,17.17,17.23,16.79,16.83,28345.0,477046.35,0.0,-2.604166666666685,2.6206075044669523
2025-05-12,17.08,17.81,16.94,17.61,72586.0,1278239.46,0.0,4.634581105169344,5.135773317591484
2025-05-13,17.66,17.95,17.33,17.93,60980.0,1093371.4,0.0,1.8171493469619548,3.5776110790536704
2025-05-14,17.94,17.96,17.55,17.6,39830.0,701008.0,0.0,-1.8404907975460016,2.336182336182337
2025-05-15,17.59,17.73,17.41,17.41,24581.0,427955.21,0.0,-1.0795454545454608,1.8380241240666302
2025-05-16,17.32,17.56,17.24,17.37,19353.0,336161.61000000004,0.0,-0.22975301550832716,1.856148491879352
2025-05-19,17.53,17.53,17.14,17.35,20912.0,362823.2,0.0,-0.11514104778352907,2.2753792298716484
2025-05-20,17.36,17.43,17.14,17.37,19000.0,330030.0,0.0,0.11527377521614035,1.69194865810968
2025-05-21,17.34,17.44,17.22,17.37,16783.0,291520.71,0.0,0.0,1.2775842044134869
2025-05-22,17.56,19.77,17.52,18.58,177329.0,3294772.82,0.0,6.966033390903847,12.842465753424658
2025-05-23,18.31,19.43,17.94,18.73,150217.0,2813564.41,0.0,0.8073196986006614,8.305462653288732
2025-05-26,19.09,19.38,18.27,18.71,90052.0,1684872.9200000002,0.0,-0.10678056593699248,6.075533661740555
2025-05-27,19.13,19.28,18.36,19.07,117274.0,2236415.18,0.0,1.9241047568145264,5.010893246187374
2025-05-28,18.83,18.88,18.02,18.23,85846.0,1564972.58,0.0,-4.404824331410595,4.772475027746944
2025-05-29,18.15,18.35,17.89,18.25,52018.0,949328.5,0.0,0.10970927043334466,2.571268865287875
2025-05-30,18.12,18.36,17.91,18.03,37061.0,668209.8300000001,0.0,-1.2054794520547918,2.5125628140703475
2025-06-03,17.9,18.21,17.8,17.97,38243.0,687226.71,0.0,-0.33277870216307237,2.3033707865168545
2025-06-04,17.9,18.28,17.87,18.0,38407.0,691326.0,0.0,0.16694490818029983,2.2943480693900398
2025-06-05,18.01,18.03,17.59,17.72,58399.0,1034830.2799999999,0.0,-1.5555555555555656,2.501421262080735
2025-06-06,17.68,17.83,17.65,17.69,28660.0,506995.4,0.0,-0.16930022573361514,1.0198300283286104
2025-06-09,17.7,17.93,17.6,17.9,30223.0,540991.7,0.0,1.1871113623515894,1.8749999999999902
2025-06-10,17.95,17.98,17.32,17.44,47474.0,827946.56,0.0,-2.5698324022346175,3.8106235565819873
2025-06-11,17.55,17.68,17.47,17.59,23569.0,414578.71,0.0,0.8600917431192512,1.2020606754436227
2025-06-12,17.51,17.69,17.33,17.42,26121.0,455027.82000000007,0.0,-0.9664582148948164,2.0773225620311773
2025-06-13,17.51,17.51,17.02,17.1,27671.0,473174.10000000003,0.0,-1.8369690011481032,2.878965922444195
2025-06-16,17.12,17.23,17.01,17.15,20765.0,356119.74999999994,0.0,0.29239766081869956,1.2933568489123977
2025-06-17,17.2,17.3,16.9,16.98,30433.0,516752.34,0.0,-0.9912536443148601,2.3668639053254568
2025-06-18,16.98,16.98,16.75,16.94,21167.0,358568.98000000004,0.0,-0.2355712603062332,1.3731343283582114
2025-06-19,16.98,17.05,16.64,16.69,19705.0,328876.45,0.0,-1.475796930342388,2.4639423076923084
2025-06-20,16.68,16.9,16.55,16.56,21139.0,350061.83999999997,0.0,-0.7789095266626855,2.1148036253776303
2025-06-23,16.49,16.73,16.34,16.68,18900.0,315252.0,0.0,0.7246376811594235,2.386780905752757
2025-06-24,16.72,17.39,16.68,17.2,41745.0,718014.0,0.0,3.1175059952038398,4.256594724220629
2025-06-25,17.22,17.34,17.08,17.32,27162.0,470445.84,0.0,0.6976744186046657,1.5222482435597282
2025-06-26,17.32,17.38,17.09,17.11,20666.0,353595.26,0.0,-1.2124711316397252,1.6968987712112298
2025-06-27,17.17,17.24,17.08,17.16,16978.0,291342.48,0.0,0.29222676797195923,0.9367681498829048
2025-06-30,17.14,17.21,17.1,17.18,24686.0,424105.48,0.0,0.11655011655011815,0.6432748538011662
2025-07-01,17.24,17.26,17.03,17.22,18840.0,324424.8,0.0,0.2328288707799775,1.35055783910746
2025-07-02,17.21,17.23,16.93,17.09,20708.0,353899.72,0.0,-0.7549361207897731,1.7720023626698211
2025-07-03,17.09,17.09,16.91,16.92,15125.0,255915.00000000003,0.0,-0.9947337624341634,1.064458900059135
2025-07-04,16.94,17.03,16.7,16.74,18572.0,310895.27999999997,0.0,-1.0638297872340607,1.9760479041916281
2025-07-07,16.81,16.92,16.71,16.91,16085.0,271997.35,0.0,1.0155316606929699,1.2567324955116748
2025-07-08,16.91,17.19,16.88,17.14,22323.0,382616.22000000003,0.0,1.3601419278533422,1.836492890995274
2025-07-09,17.11,17.2,16.89,16.89,26284.0,443936.76,0.0,-1.4585764294049008,1.8354055654233197
2025-07-10,16.89,17.04,16.84,17.01,14601.0,248363.01,0.0,0.7104795737122638,1.1876484560570029
2025-07-11,17.04,17.27,16.89,17.14,28383.0,486484.62,0.0,0.7642563198118735,2.2498519834221375
2025-07-14,17.2,17.25,17.05,17.23,21060.0,362863.8,0.0,0.5250875145857536,1.1730205278592334
2025-07-15,17.2,17.29,16.94,17.12,19292.0,330279.04000000004,0.0,-0.6384213580963416,2.066115702479326
2025-07-16,17.13,17.22,17.05,17.2,18995.0,326714.0,0.0,0.4672897196261516,0.997067448680341
2025-07-17,17.18,18.01,17.08,17.85,104371.0,1863022.35,0.0,3.779069767441867,5.444964871194399
2025-07-18,17.58,18.3,17.4,18.09,100632.0,1820432.88,0.0,1.3445378151260456,5.172413793103461
2025-07-21,18.09,18.12,17.56,17.74,77304.0,1371372.96,0.0,-1.9347705914870228,3.189066059225526
2025-07-22,17.67,17.82,17.4,17.64,56396.0,994825.4400000001,0.0,-0.5636978579481311,2.413793103448286
2025-07-23,17.63,17.68,17.34,17.4,41293.0,718498.2,0.0,-1.3605442176870874,1.9607843137254894
2025-07-24,17.32,17.52,17.31,17.47,40538.0,708198.86,0.0,0.4022988505747227,1.2131715771230553
2025-07-25,17.46,17.8,17.37,17.68,50914.0,900159.52,0.0,1.202060675443617,2.4755325273459974
2025-07-28,17.69,17.78,17.46,17.58,32213.0,566304.5399999999,0.0,-0.5656108597285159,1.832760595647195
2025-07-29,17.6,17.6,17.3,17.42,34853.0,607139.26,0.0,-0.91012514220703,1.7341040462427786
2025-07-30,17.36,17.56,17.17,17.28,32830.0,567302.4,0.0,-0.8036739380023028,2.2714036109493128
2025-07-31,17.27,17.43,16.96,17.04,41376.0,705047.0399999999,0.0,-1.388888888888895,2.7712264150943327
2025-08-01,17.03,17.11,16.82,16.85,28105.0,473569.25000000006,0.0,-1.1150234741783893,1.7241379310344775
2025-08-04,16.75,17.14,16.75,17.13,19925.0,341315.25,0.0,1.6617210682492445,2.328358208955227
2025-08-05,17.19,17.29,17.05,17.2,20799.0,357742.8,0.0,0.4086398131932345,1.4076246334310758
2025-08-06,17.2,17.34,17.1,17.28,22881.0,395383.68000000005,0.0,0.46511627906977715,1.4035087719298152
2025-08-07,17.3,17.34,17.01,17.3,31003.0,536351.9,0.0,0.11574074074074403,1.9400352733685966
2025-08-08,17.31,17.31,17.04,17.09,20981.0,358565.29,0.0,-1.2138728323699444,1.5845070422535186
2025-08-11,17.11,17.38,17.05,17.36,28852.0,500870.72,0.0,1.5798712697483897,1.935483870967732
2025-08-12,17.43,17.52,17.23,17.32,23410.0,405461.2,0.0,-0.23041474654377225,1.6831108531630827
2025-08-13,17.37,17.42,17.22,17.26,26417.0,455957.42000000004,0.0,-0.34642032332562467,1.1614401858304464
2025-08-14,17.3,17.3,16.55,16.67,71855.0,1197822.85,0.0,-3.418308227114719,4.531722054380665
2025-08-15,16.65,16.87,16.58,16.81,31641.0,531885.21,0.0,0.8398320335932574,1.7490952955368078
2025-08-18,16.68,16.76,16.13,16.74,96459.0,1614723.66,0.0,-0.41641879833432816,3.9057656540607724
2025-08-19,16.73,16.9,16.45,16.8,61040.0,1025472.0,0.0,0.35842293906811484,2.735562310030391
2025-08-20,16.77,16.8,16.56,16.76,34364.0,575940.64,0.0,-0.23809523809523725,1.4492753623188528
2025-08-21,16.76,18.36,16.71,17.68,153735.0,2718034.8,0.0,5.4892601431980825,9.874326750448823
2025-08-22,17.6,17.73,17.24,17.37,92249.0,1602365.1300000001,0.0,-1.7533936651583648,2.842227378190267
2025-08-25,17.5,17.5,17.15,17.35,69013.0,1197375.55,0.0,-0.11514104778352907,2.0408163265306207
2025-08-26,17.37,17.38,17.09,17.15,64474.0,1105729.0999999999,0.0,-1.1527377521614035,1.6968987712112298
2025-08-27,17.13,17.24,16.83,16.88,75907.0,1281310.16,0.0,-1.574344023323615,2.4361259655377316
2025-08-28,17.04,17.04,16.26,16.68,63513.0,1059396.84,0.0,-1.1848341232227444,4.79704797047969
2025-08-29,16.67,16.81,16.51,16.66,37482.0,624450.12,0.0,-0.11990407673860837,1.81708055723802
2025-09-01,16.66,17.0,16.6,16.84,39634.0,667436.5599999999,0.0,1.0804321728691502,2.4096385542168584
2025-09-02,16.95,16.95,16.3,16.41,41788.0,685741.08,0.0,-2.5534441805225683,3.987730061349684
2025-09-03,16.61,16.61,16.13,16.24,28199.0,457951.75999999995,0.0,-1.0359536867763697,2.97582145071296
2025-09-04,16.23,16.51,16.1,16.3,32611.0,531559.3,0.0,0.3694581280788256,2.5465838509316776
2025-09-05,16.28,16.58,16.28,16.56,25192.0,417179.51999999996,0.0,1.595092024539868,1.842751842751825
2025-09-08,16.6,16.71,16.41,16.68,23960.0,399652.8,0.0,0.7246376811594235,1.8281535648994558
2025-09-09,16.59,16.68,16.5,16.66,21191.0,353042.06,0.0,-0.11990407673860837,1.0909090909090893
2025-09-10,16.59,16.78,16.54,16.66,19981.0,332883.46,0.0,0.0,1.4510278113663966
2025-09-11,16.66,16.96,16.54,16.89,33290.0,562268.1,0.0,1.3805522208883536,2.5392986698911835
2025-09-12,17.0,17.19,16.77,16.79,37736.0,633587.44,0.0,-0.5920663114268865,2.5044722719141426
2025-09-15,16.75,17.5,16.6,17.06,67517.0,1151840.02,0.0,1.6081000595592698,5.421686746987943
2025-09-16,16.98,17.08,16.72,16.92,34228.0,579137.76,0.0,-0.8206330597889666,2.1531100478468868
2025-09-17,16.85,16.98,16.73,16.76,24810.0,415815.60000000003,0.0,-0.9456264775413725,1.4943215780035863
2025-09-18,16.78,16.81,16.42,16.51,34624.0,571642.2400000001,0.0,-1.4916467780429543,2.3751522533495555
2025-09-19,16.51,16.7,16.36,16.4,15477.0,253822.8,0.0,-0.6662628709872997,2.078239608801955
2025-09-22,16.48,16.56,16.3,16.53,16507.0,272860.71,0.0,0.7926829268292801,1.595092024539865
2025-09-23,16.6,16.6,16.0,16.18,24134.0,390488.12,0.0,-2.1173623714458634,3.750000000000009
2025-09-24,16.0,16.5,16.0,16.4,19907.0,326474.8,0.0,1.3597033374536327,3.125
2025-09-25,16.42,16.42,16.13,16.16,26135.0,422341.6,0.0,-1.4634146341463317,1.7978921264724286
2025-09-26,16.1,16.23,16.0,16.04,16257.0,260762.28,0.0,-0.7425742574257432,1.4375000000000027
2025-09-29,16.0,16.09,15.8,16.03,20523.0,328983.69,0.0,-0.06234413965086061,1.835443037974678
2025-09-30,16.1,16.25,16.02,16.23,18375.0,298226.25,0.0,1.2476606363069243,1.4357053682896406
2025-10-09,16.3,16.31,16.01,16.18,17997.0,291191.46,0.0,-0.30807147258163914,1.8738288569643793
2025-10-10,16.18,16.35,16.09,16.2,29230.0,473526.0,0.0,0.12360939431397266,1.615910503418282
2025-10-13,15.82,16.03,15.65,15.9,28410.0,451719.0,0.0,-1.851851851851849,2.428115015974446
2025-10-14,15.9,16.02,15.39,15.48,29170.0,451551.60000000003,0.0,-2.6415094339622636,4.093567251461982
2025-10-15,15.48,15.69,15.4,15.63,14098.0,220351.74000000002,0.0,0.9689922480620172,1.8831168831168774
2025-10-16,15.65,15.66,15.42,15.51,13866.0,215061.66,0.0,-0.7677543186180524,1.5564202334630364
2025-10-17,15.51,15.72,15.25,15.3,16726.0,255907.80000000002,0.0,-1.3539651837524147,3.081967213114758
2025-10-20,15.32,15.55,15.28,15.34,9393.0,144088.62,0.0,0.2614379084967311,1.7670157068062915
2025-10-21,15.36,15.48,15.23,15.47,11656.0,180318.32,0.0,0.8474576271186418,1.6414970453053184
2025-10-22,15.47,15.8,15.38,15.45,17429.0,269278.05,0.0,-0.12928248222366934,2.7308192457737315
2025-10-23,15.4,15.57,15.33,15.53,16926.0,262860.77999999997,0.0,0.5177993527508029,1.5655577299412928
2025-10-24,15.53,15.72,15.44,15.54,20506.0,318663.24,0.0,0.06439150032195862,1.8134715025906811
2025-10-27,15.59,15.89,15.47,15.79,41569.0,656374.51,0.0,1.6087516087516018,2.714932126696832
2025-10-28,15.68,15.85,15.58,15.61,18844.0,294154.83999999997,0.0,-1.1399620012666256,1.7329910141206648
2025-10-29,15.47,15.65,15.32,15.5,18031.0,279480.5,0.0,-0.7046764894298452,2.154046997389034
2025-10-30,15.6,15.75,15.32,15.33,25241.0,386944.53,0.0,-1.0967741935483888,2.806788511749345
2025-10-31,15.35,16.05,15.35,15.81,40242.0,636226.02,0.0,3.131115459882583,4.560260586319225
2025-11-03,18.97,18.97,18.26,18.97,447005.0,8479684.85,0.0,19.98734977862111,3.8882803943044753
2025-11-04,21.82,21.92,19.16,19.25,619279.0,11921120.75,0.0,1.4760147601476037,14.405010438413369
2025-11-05,18.0,18.93,17.66,18.5,415327.0,7683549.5,0.0,-3.8961038961038974,7.191392978482444
2025-11-06,17.91,19.3,17.68,18.1,387805.0,7019270.500000001,0.0,-2.162162162162151,9.162895927601816
2025-11-07,17.45,17.63,17.0,17.0,325268.0,5529556.0,0.0,-6.077348066298349,3.705882352941171
2025-11-10,16.9,17.32,16.71,17.09,208598.0,3564939.82,0.0,0.5294117647058894,3.650508677438656
2025-11-11,17.0,17.2,16.88,16.99,148445.0,2522080.55,0.0,-0.5851375073142262,1.8957345971564
2025-11-12,16.99,17.02,16.5,16.6,164646.0,2733123.6,0.0,-2.295467922307226,3.1515151515151487
2025-11-13,16.75,16.8,16.49,16.7,118827.0,1984410.9,0.0,0.6024096385542022,1.8799272286234223
2025-11-14,16.56,16.7,16.42,16.45,116136.0,1910437.2,0.0,-1.4970059880239472,1.70523751522532
2025-11-17,16.45,16.64,16.4,16.64,70592.0,1174650.8800000001,0.0,1.1550151975683987,1.4634146341463536
2025-11-18,16.57,16.59,16.1,16.23,105079.0,1705432.1700000002,0.0,-2.463942307692313,3.043478260869555
2025-11-19,16.16,16.3,15.96,16.04,71030.0,1139321.2,0.0,-1.1706715958102354,2.1303258145363397
2025-11-20,16.04,16.15,15.56,15.57,83626.0,1302056.82,0.0,-2.930174563591015,3.791773778920296
2025-11-21,15.4,15.53,14.63,14.63,109331.0,1599512.53,0.0,-6.037251123956322,6.151742993848247
2025-11-24,14.78,14.92,14.55,14.89,54839.0,816552.7100000001,0.0,1.7771701982228327,2.5429553264604756
2025-11-25,14.92,15.12,14.87,14.98,62112.0,930437.76,0.0,0.6044325050369448,1.6812373907195695
2025-11-26,14.93,15.03,14.71,14.74,50838.0,749352.12,0.0,-1.602136181575431,2.1753908905506356
2025-11-27,14.65,14.99,14.65,14.93,43227.0,645379.11,0.0,1.2890094979647104,2.3208191126279853
2025-11-28,14.91,14.98,14.79,14.97,33461.0,500911.17000000004,0.0,0.26791694574681557,1.284651791751192
2025-12-01,14.99,15.15,14.99,15.14,36961.0,559589.54,0.0,1.135604542418167,1.067378252168113
2025-12-02,15.08,15.14,14.91,15.02,35230.0,529154.6,0.0,-0.7926023778071389,1.5425888665325314
2025-12-03,15.0,15.02,14.83,14.88,33825.0,503316.0,0.0,-0.9320905459387352,1.281186783546861
2025-12-04,14.78,14.92,14.68,14.75,31602.0,466129.5,0.0,-0.8736559139784994,1.6348773841961868
2025-12-05,14.71,15.02,14.65,15.0,33490.0,502350.0,0.0,1.6949152542372836,2.525597269624568
2025-12-08,15.0,15.13,14.96,15.06,39708.0,598002.48,0.0,0.40000000000000036,1.1363636363636358
2025-12-09,15.02,15.06,14.85,14.89,27393.0,407881.77,0.0,-1.1288180610889764,1.41414141414142
2025-12-10,14.84,14.92,14.72,14.89,29082.0,433030.98000000004,0.0,0.0,1.3586956521739082
2025-12-11,14.91,14.95,14.65,14.65,30725.0,450121.25,0.0,-1.6118200134318306,2.047781569965863
2025-12-12,14.7,14.83,14.63,14.74,22738.0,335158.12,0.0,0.6143344709897525,1.367053998632941
2025-12-15,14.73,14.88,14.58,14.62,31656.0,462810.72,0.0,-0.8141112618724633,2.0576131687242847
2025-12-16,14.58,14.59,14.2,14.21,47356.0,672928.76,0.0,-2.8043775649794656,2.7464788732394405
2025-12-17,14.16,14.42,14.0,14.4,34191.0,492350.4,0.0,1.3370865587614356,2.9999999999999996
2025-12-18,14.3,14.67,14.28,14.46,36739.0,531245.9400000001,0.0,0.4166666666666652,2.731092436974794
2025-12-19,14.45,14.64,14.3,14.58,25408.0,370448.64,0.0,0.8298755186721962,2.3776223776223766
2025-12-22,14.56,14.77,14.56,14.67,28200.0,413694.0,0.0,0.6172839506172867,1.442307692307686
2025-12-23,14.71,14.73,14.49,14.53,23669.0,343910.57,0.0,-0.9543285616905317,1.656314699792962
2025-12-24,14.5,14.72,14.48,14.7,23585.0,346699.5,0.0,1.169993117687551,1.657458563535913
2025-12-25,14.73,14.87,14.65,14.85,25501.0,378689.85,0.0,1.0204081632653184,1.5017064846416304
2025-12-26,14.85,14.93,14.71,14.81,33168.0,491218.08,0.0,-0.2693602693602637,1.4955812372535613
2025-12-29,14.81,16.09,14.73,16.01,195333.0,3127281.33,0.0,8.102633355840648,9.232858112695176
2025-12-30,15.88,17.47,15.62,17.37,344765.0,5988568.050000001,0.0,8.494690818238592,11.843790012804096
2025-12-31,17.63,17.71,15.71,15.82,283560.0,4485919.2,0.0,-8.923431203223952,12.73074474856779
2026-01-05,15.71,16.07,15.47,15.91,138546.0,2204266.86,0.0,0.568900126422256,3.878474466709758
2026-01-06,15.75,15.92,15.66,15.75,120999.0,1905734.25,0.0,-1.0056568196103122,1.6602809706257968
2026-01-07,15.74,15.84,15.44,15.56,99265.0,1544563.4000000001,0.0,-1.2063492063491998,2.5906735751295358
2026-01-08,15.5,15.62,15.44,15.57,64299.0,1001135.43,0.0,0.06426735218509894,1.1658031088082883
2026-01-09,15.66,15.87,15.5,15.73,93813.0,1475678.49,0.0,1.0276172125883054,2.387096774193543
2026-01-12,15.97,16.35,15.72,16.22,142121.0,2305202.6199999996,0.0,3.1150667514303843,4.007633587786264
2026-01-13,16.23,16.6,15.78,15.8,115682.0,1827775.6,0.0,-2.5893958076448675,5.19645120405578
2026-01-14,15.99,16.23,15.75,16.02,125577.0,2011743.54,0.0,1.3924050632911245,3.0476190476190506
2026-01-15,15.86,16.39,15.7,16.09,91071.0,1465332.39,0.0,0.43695380774033676,4.3949044585987345
2026-01-16,16.12,16.14,15.8,15.94,69205.0,1103127.7,0.0,-0.9322560596643936,2.1518987341772142
2026-01-19,15.9,17.14,15.9,16.96,187227.0,3175369.9200000004,0.0,6.39899623588458,7.798742138364781
2026-01-20,16.88,17.08,16.61,16.76,122060.0,2045725.6,0.0,-1.1792452830188593,2.829620710415406
2026-01-21,16.81,17.55,16.7,17.44,189140.0,3298601.6,0.0,4.057279236276856,5.089820359281446
2026-01-22,17.23,17.37,17.06,17.36,106857.0,1855037.52,0.0,-0.4587155963302836,1.8171160609613264
2026-01-23,17.3,17.95,17.2,17.71,135380.0,2397579.8000000003,0.0,2.016129032258074,4.3604651162790695
2026-01-26,17.54,17.59,16.85,17.0,120007.0,2040119.0,0.0,-4.009034443817061,4.391691394658745
2026-01-27,16.88,16.99,16.4,16.95,78104.0,1323862.8,0.0,-0.2941176470588225,3.5975609756097557
2026-01-28,16.78,17.18,16.7,16.92,65154.0,1102405.6800000002,0.0,-0.1769911504424626,2.8742514970059907
2026-01-29,16.9,18.17,16.86,17.55,182071.0,3195346.0500000003,0.0,3.7234042553191404,7.769869513641769
2026-01-30,17.38,18.11,17.03,18.06,191880.0,3465352.8,0.0,2.9059829059828957,6.341749853200225
2026-02-02,17.79,17.88,16.9,16.92,127786.0,2162139.12,0.0,-6.3122923588039725,5.79881656804734
2026-02-03,17.39,17.45,16.94,17.2,73050.0,1256460.0,0.0,1.6548463356973908,3.010625737898453
2026-02-04,17.14,17.19,16.59,16.79,87477.0,1468738.8299999998,0.0,-2.383720930232558,3.6166365280289416
2026-02-05,16.72,16.99,16.32,16.42,60805.0,998418.1000000001,0.0,-2.203692674210822,4.105392156862734
2026-02-06,16.28,16.77,16.15,16.47,56335.0,927837.45,0.0,0.3045066991473666,3.8390092879257027
2026-02-09,16.64,16.9,16.5,16.76,42847.0,718115.7200000001,0.0,1.760777170613248,2.4242424242424154
2026-02-10,16.7,16.95,16.66,16.7,46075.0,769452.5,0.0,-0.35799522673032325,1.7406962785113993
2026-02-11,16.62,17.17,16.57,16.79,61817.0,1037907.4299999999,0.0,0.5389221556886259,3.6210018105009136
2026-02-12,16.71,17.09,16.6,16.91,58390.0,987374.9,0.0,0.7147111375819026,2.951807228915653
2026-02-13,16.9,17.05,16.72,16.77,40352.0,676703.04,0.0,-0.8279124778237779,1.973684210526327
2026-02-24,16.93,17.12,16.69,17.05,50076.0,853795.8,0.0,1.6696481812760844,2.5763930497303753
2026-02-25,17.1,17.28,17.03,17.13,52105.0,892558.6499999999,0.0,0.46920821114369016,1.467997651203758
2026-02-26,17.15,17.51,17.05,17.17,68858.0,1182291.86,0.0,0.23350846468186415,2.6979472140762515
2026-02-27,18.21,19.61,17.95,18.38,301113.0,5534456.9399999995,0.0,7.047175305765863,9.24791086350975
2026-03-02,18.0,18.2,17.21,17.36,199387.0,3461358.32,0.0,-5.549510337323172,5.752469494479944
2026-03-03,17.29,17.36,16.11,16.14,152760.0,2465546.4,0.0,-7.027649769585242,7.759155803848541
2026-03-04,15.82,16.43,15.75,16.16,73108.0,1181425.28,0.0,0.12391573729864103,4.3174603174603154
2026-03-05,16.48,16.53,16.21,16.3,51757.0,843639.1000000001,0.0,0.8663366336633782,1.9740900678593478
2026-03-06,16.25,16.92,16.15,16.81,70121.0,1178734.01,0.0,3.128834355828203,4.767801857585159
2026-03-09,16.51,16.8,16.28,16.49,75087.0,1238184.63,0.0,-1.9036287923854922,3.1941031941031914
2026-03-10,16.51,17.09,16.51,17.01,63641.0,1082533.4100000001,0.0,3.1534263189812117,3.513022410660195
2026-03-11,17.03,17.03,16.78,16.96,43760.0,742169.6000000001,0.0,-0.29394473838918467,1.4898688915375446
2026-03-12,16.97,17.25,16.87,16.96,60633.0,1028335.68,0.0,0.0,2.252519264967392
2026-03-13,16.76,17.15,16.56,16.64,76537.0,1273575.68,0.0,-1.8867924528301883,3.562801932367149
2026-03-16,16.6,16.89,16.39,16.65,53146.0,884880.8999999999,0.0,0.060096153846145306,3.0506406345332517
2026-03-17,16.65,16.76,16.08,16.1,52363.0,843044.3,0.0,-3.3033033033032844,4.228855721393056
2026-03-18,16.16,16.25,15.6,15.94,53500.0,852790.0,0.0,-0.9937888198757849,4.16666666666667
2026-03-19,15.81,15.85,15.21,15.29,52144.0,797281.76,0.0,-4.077791718946056,4.207758053911892
2026-03-20,15.47,15.5,14.96,14.98,41574.0,622778.52,0.0,-2.0274689339437435,3.6096256684491923
2026-03-23,14.8,14.84,14.05,14.18,67268.0,953860.24,0.0,-5.340453938584789,5.622775800711737
2026-03-24,14.5,14.6,14.09,14.49,41346.0,599103.54,0.0,2.186177715091686,3.619588360539388
2026-03-25,14.53,14.89,14.46,14.84,41691.0,618694.44,0.0,2.415458937198056,2.9737206085753782
2026-03-26,15.02,15.2,14.64,14.82,36803.0,545420.46,0.0,-0.13477088948786742,3.825136612021849
2026-03-27,14.63,15.05,14.59,15.03,35131.0,528018.9299999999,0.0,1.4170040485829816,3.152844413982185
2026-03-30,14.93,15.1,14.78,15.09,27687.0,417796.83,0.0,0.3992015968063978,2.1650879566982426
2026-03-31,14.99,15.15,14.69,14.73,39726.0,585163.98,0.0,-2.385685884691846,3.131381892443845
2026-04-01,14.89,15.08,14.8,14.93,32395.0,483657.35,0.0,1.3577732518669228,1.8918918918918874
2026-04-02,15.0,15.0,14.58,14.67,37903.0,556037.01,0.0,-1.7414601473543234,2.880658436213991
2026-04-03,14.77,14.78,14.29,14.3,25894.0,370284.2,0.0,-2.522154055896386,3.4289713086074194
2026-04-07,14.45,14.8,14.29,14.78,31559.0,466442.01999999996,0.0,3.3566433566433407,3.56892932120365
2026-04-08,14.95,15.27,14.88,15.26,39199.0,598176.74,0.0,3.247631935047357,2.6209677419354755
2026-04-09,15.1,15.32,14.98,15.04,30781.0,462946.24,0.0,-1.4416775884665833,2.2696929238985306
2026-04-10,15.12,15.33,15.1,15.2,24650.0,374680.0,0.0,1.0638297872340496,1.5231788079470228
2026-04-13,15.1,15.17,14.94,15.07,23929.0,360610.03,0.0,-0.8552631578947256,1.539491298527446
2026-04-14,15.18,15.23,14.97,15.1,21575.0,325782.5,0.0,0.1990710019907027,1.7368069472277874
2026-04-15,15.11,15.18,14.84,14.86,31030.0,461105.8,0.0,-1.5894039735099397,2.2911051212937994
2026-04-16,14.86,15.01,14.77,14.99,31827.0,477086.73,0.0,0.8748317631224856,1.6249153689911997
2026-04-17,14.95,15.09,14.82,14.99,33978.0,509330.22000000003,0.0,0.0,1.8218623481781346
2026-04-20,15.0,16.76,14.91,16.3,186795.0,3044758.5,0.0,8.73915943962642,12.407780013413825
2026-04-21,16.18,16.46,15.87,16.07,92848.0,1492067.36,0.0,-1.411042944785279,3.7177063642092105
2026-04-22,16.1,17.0,16.1,16.57,104190.0,1726428.3,0.0,3.111387678904798,5.590062111801233
2026-04-23,16.5,17.07,16.27,17.01,122693.0,2087007.9300000002,0.0,2.6554013277006794,4.917025199754153
2026-04-24,16.61,16.82,16.11,16.66,103492.0,1724176.72,0.0,-2.0576131687242927,4.407200496585977
2026-04-27,16.67,17.1,16.39,16.8,98646.0,1657252.8,0.0,0.8403361344537785,4.331909701037223
2026-04-28,16.62,17.66,16.5,17.6,182559.0,3213038.4000000004,0.0,4.761904761904767,7.030303030303031
2026-04-29,17.44,18.93,17.17,18.08,227233.0,4108372.6399999997,0.0,2.7272727272727115,10.250436808386707
2026-04-30,17.72,18.59,17.65,17.8,155315.0,2764607.0,0.0,-1.5486725663716672,5.325779036827203
2026-05-06,17.65,18.3,17.25,17.79,155235.0,2761630.65,0.0,-0.056179775280906785,6.086956521739135
2026-05-07,17.72,17.72,17.36,17.45,86690.0,1512740.5,0.0,-1.9111860595840358,2.0737327188940062
2026-05-08,17.26,17.3,16.95,16.99,98768.0,1678068.3199999998,0.0,-2.636103151862468,2.06489675516225
2026-05-11,16.97,17.13,16.85,17.08,67588.0,1154403.0399999998,0.0,0.5297233666862855,1.6617210682492438
2026-05-12,16.99,16.99,16.53,16.59,60493.0,1003578.87,0.0,-2.86885245901638,2.7828191167573944
2026-05-13,16.73,17.07,16.65,16.73,65987.0,1103962.51,0.0,0.8438818565400963,2.5225225225225327
2026-05-14,16.9,16.93,16.1,16.34,111038.0,1814360.92,0.0,-2.3311416616855984,5.155279503105579
2026-05-15,16.5,17.3,16.46,16.88,118469.0,1999756.72,0.0,3.3047735618114915,5.103280680437423
